<simulation verbosity='high'>
   <prng>
      <seed>27506</seed>
      <state shape='(624)'>
       [ 1837233943, 4087451513, 3239765657, 3016907094, 33483516, 
         1519148526, 275415258, 2862469826, 921391565, 3094394224, 
         2059673401, 1153360561, 3777885888, 4086925290, 164628530, 
         1571899873, 3168103088, 609375270, 2411973419, 2589128700, 
         4176247976, 3470458120, 332281204, 661736166, 1847247770, 
         1922789627, 1202528020, 3123245783, 2760694949, 887513820, 
         3718182656, 1428166237, 2730824513, 1485388994, 748548830, 
         1072088617, 4038332105, 3153903218, 647841108, 268993362, 
         883093078, 4070454905, 2736450662, 1662029108, 1320848742, 
         3185629277, 188363554, 906562494, 4063510634, 2778153318, 
         2214093497, 3738895744, 3719119146, 3016605025, 2697274790, 
         431683562, 3508497010, 1352568089, 3330121084, 3447689904, 
         1426748121, 1658920920, 1012750971, 2577297512, 2772996344, 
         2716746361, 490072834, 3095833105, 1659209274, 121856553, 
         1664943048, 253189931, 2143305809, 3211888564, 3849394083, 
         2440546836, 3120781300, 2165083834, 1647756663, 3252535035, 
         2994560763, 3865982496, 914507914, 3935651069, 2231503159, 
         1164607427, 849550384, 1520294962, 679026262, 3069649363, 
         812793168, 1693462624, 1296313901, 2633042492, 3551743681, 
         417716473, 109233546, 3555849465, 2906937942, 2522810079, 
         1821510663, 3958360879, 3883756344, 2232132177, 2612379360, 
         1609840601, 780692761, 2600226590, 1122760865, 404197317, 
         659715891, 4094573862, 488808596, 3962221851, 1292294990, 
         4153875822, 4250542991, 239206751, 1985611247, 1166308070, 
         1835416166, 3554764345, 1297534907, 971530997, 3514699370, 
         292718599, 4125294121, 3659588660, 1250133669, 627956749, 
         36304489, 405762929, 3413941762, 3257008723, 1295194383, 
         27620162, 3847312147, 4108861125, 2669288111, 3143835461, 
         683695856, 85170185, 1038536640, 3479229967, 2687825355, 
         1746642980, 2355201241, 1441600406, 2056440065, 66473245, 
         3571012266, 1731648937, 4088755351, 3477580175, 4209487084, 
         97179868, 1300981756, 106771340, 3558428249, 1363513214, 
         1432419967, 503223887, 2822719194, 142932726, 2179451704, 
         2447391102, 4177513675, 3757746451, 2697664486, 2243386405, 
         556572194, 3967490448, 3286437583, 2950703842, 79419117, 
         3437121478, 2481883720, 3442655423, 3715802992, 1873022931, 
         3379655768, 1250801597, 4051183271, 750610755, 1264875039, 
         3281664598, 796415546, 1951541029, 752331373, 3233850556, 
         2149528306, 3552183494, 1833022173, 2157284869, 738735692, 
         1262991870, 2717828783, 1866131723, 1057255029, 2761742392, 
         1507803522, 1721328728, 3332464708, 31641888, 1641362879, 
         311781407, 860022757, 2624883458, 3365594743, 2772890021, 
         659807220, 3370003992, 3892931182, 1307251612, 2711432841, 
         1279153094, 1329587612, 2008065, 3148992819, 4268654874, 
         3277629435, 1379491262, 1454009989, 1880075665, 425033480, 
         2126634771, 1742319162, 398111715, 1660633102, 814605277, 
         2163512263, 1512860408, 3845500600, 2441314464, 3986082338, 
         944556326, 2729677121, 3529026694, 1937099609, 635940743, 
         1830460784, 3343846038, 1987487873, 2778528633, 1480445725, 
         1962258386, 1678385950, 2775534657, 1311391048, 859574988, 
         2968647799, 1997323495, 3703043423, 1845747865, 2088364027, 
         153139, 1508720494, 2987523488, 2914674292, 3610859799, 
         3095615304, 3582450431, 1978977198, 2062374641, 2627875973, 
         157353950, 1443707292, 2739220205, 1483070924, 1793415908, 
         614340558, 3619691385, 868571283, 4185543225, 46680219, 
         1928144007, 487485169, 181494204, 3909733776, 3999260176, 
         1644117517, 1840199152, 3934384682, 3418636695, 2987699143, 
         1604645095, 249045612, 1139685134, 683086025, 3617682635, 
         2935778367, 4046532455, 826829092, 4142776550, 2639108050, 
         1393389988, 2785572181, 153310250, 562945065, 2912544248, 
         3576808172, 3076205989, 65758646, 3369551082, 3055319706, 
         1844235368, 1406687228, 1066205824, 648746834, 3365497936, 
         1433660957, 2488729626, 89394766, 848993994, 484469905, 
         1852252554, 739309723, 891622404, 2986084940, 2687006557, 
         2331741932, 1012197880, 2751578742, 3024457478, 4209430965, 
         1226872763, 2920244290, 1275121571, 1267617084, 1437804818, 
         111538078, 1008264137, 662461634, 130433262, 2584889822, 
         2093956351, 138992185, 1065244826, 3558103617, 903892705, 
         1912048995, 3159657510, 678259918, 3716347328, 3670139314, 
         2327304570, 1169930757, 1410789246, 3342742782, 3858087253, 
         3644231411, 2539846003, 1832182917, 2758203026, 3686760510, 
         3695518144, 2263085017, 1004627424, 2099358841, 3105057183, 
         1183606993, 3016033635, 618198688, 1738673887, 2964474562, 
         952413118, 2255213210, 3080427173, 399139199, 1576839111, 
         4122940931, 228952664, 1148612976, 757997248, 3505832105, 
         1096096959, 3759935246, 3263337860, 989941686, 101655616, 
         1900082731, 1035813495, 2895732863, 3125789556, 1301574453, 
         1279614041, 4026565309, 1031124983, 2894186010, 3887778882, 
         478193394, 4269955721, 89285282, 625902972, 788537052, 
         3054797018, 2406299678, 957482940, 600095522, 3735767465, 
         2869458741, 1731095891, 1854229074, 3790743238, 1738937915, 
         422218369, 2879317731, 2344830549, 1589247488, 586793510, 
         180067225, 1287473985, 2120959897, 1406622530, 545907701, 
         3229460486, 3667823829, 3348122808, 4072300937, 3271435307, 
         1356623356, 3578955861, 3184602037, 2371437973, 1424471462, 
         1868826927, 1330332797, 1164231271, 557541041, 3410341421, 
         1943709855, 1632039804, 2812095430, 1985964550, 3684887340, 
         4060940382, 200742126, 1373317069, 2603907478, 2628304765, 
         2406394170, 3254575774, 764419984, 1746650844, 4239350377, 
         2414536871, 1734524948, 1678763173, 2437520801, 2822287226, 
         1219360060, 3032691657, 22167358, 2105652155, 3422178916, 
         70911136, 119076456, 1447118673, 1805716776, 3545519034, 
         2225245293, 2368500085, 1658175868, 2112601260, 3535984281, 
         772994928, 3649773811, 2328784356, 3584746128, 1963338485, 
         2070418095, 1980807567, 2739731671, 1445231186, 4260924938, 
         4073488680, 3409412349, 3075243502, 1797577361, 3783066884, 
         349774529, 2281054648, 1104590000, 1226408054, 208586348, 
         3583036041, 3510168581, 3410546517, 1646611035, 4288222803, 
         276070718, 849495888, 4036503262, 201893831, 1301781387, 
         254982231, 3943926419, 4241130456, 2830086308, 2160831069, 
         1963894143, 3105145766, 2251575190, 3109694868, 3434042500, 
         2559257567, 3668699205, 2962777460, 643965940, 3124851250, 
         3492392141, 240164687, 4215024011, 3775921558, 3105579464, 
         3027463389, 3052609708, 3969886576, 1755993284, 2826630089, 
         4160027664, 2796542821, 3912094843, 1693806828, 3476086871, 
         3899978408, 1970907647, 606946781, 2062936734, 3497155961, 
         4215599822, 3159035965, 1667523246, 3014821995, 2906792944, 
         816219878, 590986985, 2094299486, 1483608011, 3856239984, 
         1152168561, 2776964047, 2681560197, 2334283434, 954435670, 
         252164456, 2109998183, 2068956163, 3365535106, 1143890189, 
         2795353387, 3395929111, 1201457440, 1573574768, 955867683, 
         2219683563, 2173832010, 4185118633, 349738546, 3056681618, 
         1443914624, 1240913144, 3323946185, 2111535013, 3460020037, 
         2242838069, 1906488230, 2662828735, 300829454, 2762330880, 
         2589082767, 337750916, 1900338879, 647867190, 2822874856, 
         1788640951, 2482532172, 1036719582, 3668129273, 1114098251, 
         3306188925, 4257464774, 3100484842, 1846386196, 3648678814, 
         864249060, 140551199, 1275354877, 76249019, 486685833, 
         1250444800, 2312036138, 3196333075, 834815221, 1212260964, 
         3692341952, 1052539518, 3514589992, 735009283, 460932607, 
         1733528208, 1192042309, 1593648981, 4010283439, 124068627, 
         2240404807, 1996646460, 3171321906, 646220711, 847176989, 
         124870783, 954750051, 3810003804, 3095376720, 955017535, 
         200330484, 1099207461, 2808894786, 4019359652, 159087495, 
         837340350, 1141484211, 3113247633, 1621455690 ]
      </state>
      <set_pos>332</set_pos>
   </prng>
   <output prefix='simulation'>
      <properties shape='(10)'>
       [ step, time{femtosecond}, conserved, potential, kinetic_cv, 
         pressure_cv, volume, temperature{kelvin}, kinetic_md, pressure_md ]
      </properties>
      <trajectory filename='pos' cell_units='angstrom'>positions{angstrom}</trajectory>
      <checkpoint filename='chk'>10001</checkpoint>
      <checkpoint stride='1000' overwrite='False'>11</checkpoint>
   </output>
   <step>10000</step>
   <total_steps>10000</total_steps>
   <ffsocket mode='unix' name='0.850'>
      <address>0.850</address>
      <latency>  1.00000000e-03</latency>
   </ffsocket>
   <system>
      <forces>
         <force nbeads='1' forcefield='0.850'>
         </force>
      </forces>
      <ensemble>
         <temperature>  9.82187734e-04</temperature>
         <eens>  1.48205109e-01</eens>
         <hamiltonian_weights shape='(1)'> [   1.00000000e+00 ] </hamiltonian_weights>
         <time>  2.06706865e+05</time>
      </ensemble>
      <motion mode='dynamics'>
         <dynamics mode='nvt'>
            <thermostat mode='langevin'>
               <ethermo> -1.52721098e-01</ethermo>
               <tau>  4.13413730e+03</tau>
            </thermostat>
            <timestep>  2.06706865e+01</timestep>
            <nmts shape='(1)'> [ 1 ] </nmts>
         </dynamics>
      </motion>
      <beads natoms='6' nbeads='1'>
         <q shape='(1, 18)'>
          [  -2.40989050e+00,   6.69833954e+00,   8.39254383e-01,  -4.32768356e+00,   6.44101605e+00, 
              1.78552510e+00,  -1.01092648e+00,   6.86929032e+00,   2.29568910e+00,  -2.56097028e+00, 
              8.17291634e+00,  -5.39958419e-01,  -1.94156186e+00,   4.72449858e+00,  -7.63742635e-01, 
             -1.55861991e+00,   2.92848969e+00,  -2.01149825e+00 ]
         </q>
         <p shape='(1, 18)'>
          [  -9.65375881e-01,   2.39821274e+00,  -2.19868101e-01,   9.15502850e-01,  -2.05934031e+00, 
             -3.26823160e-01,  -2.96300349e+00,   7.27282547e-03,   7.98372867e-01,   2.46276477e+00, 
             -1.79125073e-01,  -1.24997696e-01,  -6.98664443e-01,  -1.82648102e+00,   1.77036815e+00, 
              1.24877620e+00,   1.65946083e+00,  -1.89705206e+00 ]
         </p>
         <m shape='(6)'>
          [   2.18941669e+04,   1.83736223e+03,   1.83736223e+03,   1.83736223e+03,   2.91651223e+04, 
              1.83736223e+03 ]
         </m>
         <names shape='(6)'>
          [ C, H, H, H, O, 
            H ]
         </names>
      </beads>
      <cell shape='(3, 3)'>
       [   1.88972610e+03,   1.15712351e-13,   1.15712351e-13,   0.00000000e+00,   1.88972610e+03, 
           1.15712351e-13,   0.00000000e+00,   0.00000000e+00,   1.88972610e+03 ]
      </cell>
   </system>
</simulation>
